0ld vertex :
[ 0.   0.  -0.8]
[-0.4        -0.2        -0.65714283]
[-0.4         0.         -0.68571434]
[-0.4         0.2        -0.65714283]
[-0.2        -0.4        -0.65714283]
[-0.2        -0.2        -0.74285717]
[ 0.   0.  -0.8]
[-0.2         0.         -0.77142849]
[-0.2         0.2        -0.74285717]
[-0.2         0.4        -0.65714283]
[ 0.         -0.4        -0.68571434]
[ 0.   0.  -0.8]
[ 0.         -0.2        -0.77142849]
[ 0.   0.  -0.8]
[ 0.   0.  -0.8]
[ 0.          0.2        -0.77142849]
[ 0.          0.4        -0.68571434]
[ 0.2        -0.4        -0.65714283]
[ 0.2        -0.2        -0.74285717]
[ 0.2         0.         -0.77142849]
[ 0.2         0.2        -0.74285717]
[ 0.2         0.4        -0.65714283]
[ 0.4        -0.2        -0.65714283]
[ 0.4         0.         -0.68571434]
[ 0.4         0.2        -0.65714283]
[-0.47999992 -0.2        -0.6       ]
[-0.6        -0.2        -0.47999992]
[-0.52000008  0.         -0.6       ]
[-0.6         0.         -0.52000008]
[-0.47999992  0.2        -0.6       ]
[-0.6         0.2        -0.47999992]
[-0.4       -0.3333334 -0.6      ]
[-0.3333334 -0.4       -0.6      ]
[-0.4        -0.4        -0.56000004]
[-0.4         0.33333321 -0.6       ]
[-0.3333334  0.4       -0.6      ]
[-0.4         0.4        -0.56000004]
[-0.2        -0.47999992 -0.6       ]
[-0.2        -0.6        -0.47999992]
[-0.2         0.47999992 -0.6       ]
[-0.2         0.6        -0.47999992]
[ 0.         -0.52000008 -0.6       ]
[ 0.         -0.6        -0.52000008]
[ 0.          0.52000008 -0.6       ]
[ 0.          0.6        -0.52000008]
[ 0.2        -0.47999992 -0.6       ]
[ 0.2        -0.6        -0.47999992]
[ 0.33333321 -0.4        -0.6       ]
[ 0.2         0.47999992 -0.6       ]
[ 0.33333321  0.4        -0.6       ]
[ 0.2         0.6        -0.47999992]
[ 0.4       -0.3333334 -0.6      ]
[ 0.4        -0.4        -0.56000004]
[ 0.47999992 -0.2        -0.6       ]
[ 0.52000008  0.         -0.6       ]
[ 0.4         0.33333321 -0.6       ]
[ 0.47999992  0.2        -0.6       ]
[ 0.4         0.4        -0.56000004]
[ 0.6        -0.2        -0.47999992]
[ 0.6         0.         -0.52000008]
[ 0.6         0.2        -0.47999992]
[-0.65714283 -0.2        -0.4       ]
[-0.68571434  0.         -0.4       ]
[-0.65714283  0.2        -0.4       ]
[-0.6       -0.3333334 -0.4      ]
[-0.56000004 -0.4        -0.4       ]
[-0.6       -0.4       -0.3333334]
[-0.6         0.33333321 -0.4       ]
[-0.56000004  0.4        -0.4       ]
[-0.6        0.4       -0.3333334]
[-0.4        -0.56000004 -0.4       ]
[-0.3333334 -0.6       -0.4      ]
[-0.4       -0.6       -0.3333334]
[-0.4         0.55999985 -0.4       ]
[-0.3333334  0.6       -0.4      ]
[-0.4        0.6       -0.3333334]
[-0.2        -0.65714283 -0.4       ]
[-0.2         0.65714302 -0.4       ]
[ 0.         -0.68571434 -0.4       ]
[ 0.          0.68571434 -0.4       ]
[ 0.2        -0.65714283 -0.4       ]
[ 0.33333321 -0.6        -0.4       ]
[ 0.2         0.65714302 -0.4       ]
[ 0.33333321  0.6        -0.4       ]
[ 0.4        -0.56000004 -0.4       ]
[ 0.4       -0.6       -0.3333334]
[ 0.55999985 -0.4        -0.4       ]
[ 0.4         0.55999985 -0.4       ]
[ 0.55999985  0.4        -0.4       ]
[ 0.4        0.6       -0.3333334]
[ 0.6       -0.3333334 -0.4      ]
[ 0.6       -0.4       -0.3333334]
[ 0.65714302 -0.2        -0.4       ]
[ 0.68571434  0.         -0.4       ]
[ 0.6         0.33333321 -0.4       ]
[ 0.65714302  0.2        -0.4       ]
[ 0.6        0.4       -0.3333334]
[-0.65714283 -0.4        -0.2       ]
[-0.74285717 -0.2        -0.2       ]
[-0.77142849  0.         -0.2       ]
[-0.8  0.   0. ]
[-0.74285717  0.2        -0.2       ]
[-0.65714283  0.4        -0.2       ]
[-0.6        -0.47999992 -0.2       ]
[-0.47999992 -0.6        -0.2       ]
[-0.6         0.47999992 -0.2       ]
[-0.47999992  0.6        -0.2       ]
[-0.4        -0.65714283 -0.2       ]
[-0.4         0.65714302 -0.2       ]
[-0.2        -0.74285717 -0.2       ]
[-0.2         0.74285698 -0.2       ]
[ 0.         -0.77142849 -0.2       ]
[ 0.  -0.8  0. ]
[ 0.          0.77142868 -0.2       ]
[ 0.2        -0.74285717 -0.2       ]
[ 0.2         0.74285698 -0.2       ]
[ 0.4        -0.65714283 -0.2       ]
[ 0.47999992 -0.6        -0.2       ]
[ 0.4         0.65714302 -0.2       ]
[ 0.47999992  0.6        -0.2       ]
[ 0.6        -0.47999992 -0.2       ]
[ 0.65714302 -0.4        -0.2       ]
[ 0.74285698 -0.2        -0.2       ]
[ 0.77142868  0.         -0.2       ]
[ 0.74285698  0.2        -0.2       ]
[ 0.6         0.47999992 -0.2       ]
[ 0.65714302  0.4        -0.2       ]
[-0.8  0.   0. ]
[-0.68571434 -0.4         0.        ]
[-0.8  0.   0. ]
[-0.77142849 -0.2         0.        ]
[-0.8  0.   0. ]
[-0.8  0.   0. ]
[-0.77142849  0.2         0.        ]
[-0.68571434  0.4         0.        ]
[-0.6        -0.52000008  0.        ]
[-0.52000008 -0.6         0.        ]
[-0.6         0.52000008  0.        ]
[-0.52000008  0.6         0.        ]
[-0.4        -0.68571434  0.        ]
[-0.4         0.68571434  0.        ]
[-0.2        -0.77142849  0.        ]
[ 0.  -0.8  0. ]
[-0.2         0.77142868  0.        ]
[ 0.  -0.8  0. ]
[ 0.  -0.8  0. ]
[ 0.  -0.8  0. ]
[ 0.   0.8  0. ]
[ 0.2        -0.77142849  0.        ]
[ 0.2         0.77142868  0.        ]
[ 0.4        -0.68571434  0.        ]
[ 0.52000008 -0.6         0.        ]
[ 0.4         0.68571434  0.        ]
[ 0.52000008  0.6         0.        ]
[ 0.6        -0.52000008  0.        ]
[ 0.68571434 -0.4         0.        ]
[ 0.77142868 -0.2         0.        ]
[ 0.8  0.   0. ]
[ 0.77142868  0.2         0.        ]
[ 0.6         0.52000008  0.        ]
[ 0.68571434  0.4         0.        ]
[-0.65714283 -0.4         0.2       ]
[-0.74285717 -0.2         0.2       ]
[-0.77142849  0.          0.2       ]
[-0.74285717  0.2         0.2       ]
[-0.65714283  0.4         0.2       ]
[-0.6        -0.47999992  0.2       ]
[-0.47999992 -0.6         0.2       ]
[-0.6        -0.4         0.33333321]
[-0.6         0.47999992  0.2       ]
[-0.6         0.4         0.33333321]
[-0.47999992  0.6         0.2       ]
[-0.4        -0.65714283  0.2       ]
[-0.4        -0.6         0.33333321]
[-0.4         0.65714302  0.2       ]
[-0.4         0.6         0.33333321]
[-0.2        -0.74285717  0.2       ]
[-0.2         0.74285698  0.2       ]
[ 0.         -0.77142849  0.2       ]
[ 0.          0.77142868  0.2       ]
[ 0.2        -0.74285717  0.2       ]
[ 0.2         0.74285698  0.2       ]
[ 0.4        -0.65714283  0.2       ]
[ 0.47999992 -0.6         0.2       ]
[ 0.4        -0.6         0.33333321]
[ 0.4         0.65714302  0.2       ]
[ 0.47999992  0.6         0.2       ]
[ 0.4         0.6         0.33333321]
[ 0.6        -0.47999992  0.2       ]
[ 0.65714302 -0.4         0.2       ]
[ 0.6        -0.4         0.33333321]
[ 0.74285698 -0.2         0.2       ]
[ 0.77142868  0.          0.2       ]
[ 0.74285698  0.2         0.2       ]
[ 0.6         0.47999992  0.2       ]
[ 0.65714302  0.4         0.2       ]
[ 0.6         0.4         0.33333321]
[-0.65714283 -0.2         0.4       ]
[-0.68571434  0.          0.4       ]
[-0.65714283  0.2         0.4       ]
[-0.6       -0.3333334  0.4      ]
[-0.56000004 -0.4         0.4       ]
[-0.6        -0.2         0.47999992]
[-0.6         0.          0.52000008]
[-0.6         0.33333321  0.4       ]
[-0.6         0.2         0.47999992]
[-0.56000004  0.4         0.4       ]
[-0.4        -0.56000004  0.4       ]
[-0.3333334 -0.6        0.4      ]
[-0.4        -0.4         0.55999985]
[-0.4         0.55999985  0.4       ]
[-0.4         0.4         0.55999985]
[-0.3333334  0.6        0.4      ]
[-0.2        -0.65714283  0.4       ]
[-0.2        -0.6         0.47999992]
[-0.2         0.65714302  0.4       ]
[-0.2         0.6         0.47999992]
[ 0.         -0.68571434  0.4       ]
[ 0.         -0.6         0.52000008]
[ 0.          0.68571434  0.4       ]
[ 0.          0.6         0.52000008]
[ 0.2        -0.65714283  0.4       ]
[ 0.33333321 -0.6         0.4       ]
[ 0.2        -0.6         0.47999992]
[ 0.2         0.65714302  0.4       ]
[ 0.33333321  0.6         0.4       ]
[ 0.2         0.6         0.47999992]
[ 0.4        -0.56000004  0.4       ]
[ 0.55999985 -0.4         0.4       ]
[ 0.4        -0.4         0.55999985]
[ 0.4         0.55999985  0.4       ]
[ 0.55999985  0.4         0.4       ]
[ 0.4         0.4         0.55999985]
[ 0.6       -0.3333334  0.4      ]
[ 0.65714302 -0.2         0.4       ]
[ 0.6        -0.2         0.47999992]
[ 0.68571434  0.          0.4       ]
[ 0.6         0.          0.52000008]
[ 0.6         0.33333321  0.4       ]
[ 0.65714302  0.2         0.4       ]
[ 0.6         0.2         0.47999992]
[-0.47999992 -0.2         0.6       ]
[-0.52000008  0.          0.6       ]
[-0.47999992  0.2         0.6       ]
[-0.4       -0.3333334  0.6      ]
[-0.3333334 -0.4        0.6      ]
[-0.4        -0.2         0.65714302]
[-0.4         0.          0.68571434]
[-0.4         0.33333321  0.6       ]
[-0.4         0.2         0.65714302]
[-0.3333334  0.4        0.6      ]
[-0.2        -0.47999992  0.6       ]
[-0.2        -0.4         0.65714302]
[-0.2        -0.2         0.74285698]
[-0.2         0.          0.77142868]
[-0.2         0.2         0.74285698]
[-0.2         0.47999992  0.6       ]
[-0.2         0.4         0.65714302]
[ 0.         -0.52000008  0.6       ]
[ 0.         -0.4         0.68571434]
[ 0.         -0.2         0.77142868]
[ 0.   0.   0.8]
[ 0.          0.2         0.77142868]
[ 0.          0.52000008  0.6       ]
[ 0.          0.4         0.68571434]
[ 0.2        -0.47999992  0.6       ]
[ 0.33333321 -0.4         0.6       ]
[ 0.2        -0.4         0.65714302]
[ 0.2        -0.2         0.74285698]
[ 0.2         0.          0.77142868]
[ 0.2         0.2         0.74285698]
[ 0.2         0.47999992  0.6       ]
[ 0.33333321  0.4         0.6       ]
[ 0.2         0.4         0.65714302]
[ 0.4       -0.3333334  0.6      ]
[ 0.47999992 -0.2         0.6       ]
[ 0.4        -0.2         0.65714302]
[ 0.52000008  0.          0.6       ]
[ 0.4         0.          0.68571434]
[ 0.4         0.33333321  0.6       ]
[ 0.47999992  0.2         0.6       ]
[ 0.4         0.2         0.65714302]

n3w vertex :
[ 0.   0.  -0.8]
[-0.36175482 -0.17452173 -0.6626794 ]
[-0.37766329  0.04440918 -0.67625173]
[-0.35690216  0.23693977 -0.65088739]
[-0.2125213  -0.34395934 -0.66271232]
[-0.20003009 -0.20003009 -0.7237923 ]
[-0.03495524 -0.03495524 -0.79001276]
[-0.16710732 -0.01674315 -0.75462923]
[-0.20000936  0.20002704 -0.71744896]
[-0.1925569   0.377653   -0.65086611]
[  1.12720569e-04  -3.77663716e-01  -6.76250885e-01]
[ 0.03495524 -0.03495524 -0.79001276]
[-0.01674163 -0.16710224 -0.75463075]
[-0.03495524  0.03495524 -0.79001276]
[ 0.03495524  0.03495524 -0.79001276]
[ 0.01674163  0.16710224 -0.75463075]
[ -1.12720462e-04   3.77663716e-01  -6.76250885e-01]
[ 0.19255286 -0.37764921 -0.65086856]
[ 0.20000936 -0.20002704 -0.71744896]
[ 0.16710732  0.01674315 -0.75462923]
[ 0.20003009  0.20003009 -0.7237923 ]
[ 0.21252516  0.34396935 -0.66270703]
[ 0.35689226 -0.23693873 -0.65089189]
[ 0.37766329 -0.04440918 -0.67625173]
[ 0.36175912  0.17452635 -0.66267651]
[-0.4800542  -0.18884656 -0.58948928]
[-0.56187475 -0.18885912 -0.50004005]
[-0.50223187 -0.04443005 -0.59364353]
[-0.59364435  0.04443038 -0.50223093]
[-0.50004186  0.18886047 -0.56187263]
[-0.58948928  0.18884653 -0.4800542 ]
[-0.40157529 -0.31101746 -0.59489353]
[-0.31106662 -0.40224012 -0.60286691]
[-0.40780678 -0.4089496  -0.51656842]
[-0.42321074  0.32441425 -0.57554935]
[-0.33327364  0.41661948 -0.56891654]
[-0.41563013  0.41563231 -0.51986646]
[-0.17447377 -0.47628281 -0.59070735]
[-0.2369999  -0.56626189 -0.48010468]
[-0.20889101  0.49604874 -0.56490438]
[-0.14807635  0.59361698 -0.48450498]
[ 0.04443038 -0.50223093 -0.59364435]
[-0.04443877 -0.59364117 -0.50223386]
[-0.04443145  0.5022313  -0.59364394]
[ 0.04443005  0.59364355 -0.50223187]
[ 0.18884948 -0.4800549  -0.58948771]
[ 0.16822317 -0.57547289 -0.49528676]
[ 0.31420207 -0.42045761 -0.57652467]
[ 0.18885909  0.50004003 -0.56187475]
[ 0.32441425  0.42321069 -0.57554935]
[ 0.18884653  0.58948931 -0.4800542 ]
[ 0.40224011 -0.31106515 -0.60286761]
[ 0.41192057 -0.41043656 -0.51987791]
[ 0.48343003 -0.1943712  -0.57516953]
[ 0.50223224  0.04443111 -0.59364313]
[ 0.41661948  0.33327355 -0.56891654]
[ 0.49604874  0.20889096 -0.56490438]
[ 0.41563231  0.41563007 -0.51986646]
[ 0.58623734 -0.21768248 -0.46942694]
[ 0.59364071 -0.04443755 -0.5022345 ]
[ 0.59361698  0.14807633 -0.48450498]
[-0.66270703 -0.21252517 -0.34396937]
[ -6.76250885e-01   1.12720569e-04  -3.77663716e-01]
[-0.65086856  0.19255286 -0.37764921]
[-0.57554935 -0.32441431 -0.42321074]
[-0.51986646 -0.41563237 -0.41563013]
[-0.56891655 -0.41661952 -0.33327364]
[-0.59489353  0.31101739 -0.40157529]
[-0.51656842  0.40894955 -0.40780678]
[-0.60286691  0.40224009 -0.31106662]
[-0.41043656 -0.51987791 -0.41192064]
[-0.3243876  -0.60993894 -0.37509357]
[-0.44608661 -0.56624051 -0.30364175]
[-0.41192064  0.51987784 -0.41043656]
[-0.30364176  0.5662405  -0.44608661]
[-0.37509357  0.60993897 -0.3243876 ]
[-0.1925501  -0.65087027 -0.37764658]
[-0.23693913  0.65089025 -0.35689603]
[ -1.12720462e-04  -6.76250885e-01  -3.77663716e-01]
[-0.04440918  0.67625178 -0.37766329]
[ 0.21252487 -0.66270742 -0.34396863]
[ 0.32589843 -0.55735884 -0.44161226]
[ 0.17452209  0.66267893 -0.36175569]
[ 0.31101739  0.59489355 -0.40157529]
[ 0.41563007 -0.51986646 -0.41563237]
[ 0.39711644 -0.58599873 -0.33326988]
[ 0.51656813 -0.40780784 -0.40894897]
[ 0.40894955  0.51656836 -0.40780678]
[ 0.51987784  0.41192057 -0.41043656]
[ 0.40224009  0.60286691 -0.31106662]
[ 0.60993817 -0.32438832 -0.37509448]
[ 0.58622926 -0.42856212 -0.29769807]
[ 0.66268093 -0.17451889 -0.3617527 ]
[ 0.67625178  0.04440918 -0.37766329]
[ 0.5662405   0.30364167 -0.44608661]
[ 0.65089025  0.23693911 -0.35689603]
[ 0.60993897  0.37509354 -0.3243876 ]
[-0.66267651 -0.36175912 -0.17452636]
[-0.7237923  -0.20003009 -0.20003009]
[-0.75463075 -0.01674163 -0.16710224]
[-0.79001276  0.03495524 -0.03495524]
[-0.71744896  0.20000936 -0.20002704]
[-0.65089189  0.35689226 -0.23693873]
[-0.56490438 -0.49604874 -0.20889101]
[-0.48450497 -0.59361696 -0.14807635]
[-0.59070574  0.47628421 -0.17447494]
[-0.48010468  0.56626189 -0.2369999 ]
[-0.35689603 -0.65089018 -0.23693913]
[-0.37764658  0.65087034 -0.1925501 ]
[-0.20000936 -0.71744896 -0.20002704]
[-0.20002704  0.71744898 -0.20000936]
[ 0.01674163 -0.75463075 -0.16710224]
[-0.03495524 -0.79001276 -0.03495524]
[  4.09347009e-05   7.45999931e-01  -2.00111972e-01]
[ 0.20003009 -0.7237923  -0.20003009]
[ 0.17340735  0.73520146 -0.17340735]
[ 0.3617597  -0.66267612 -0.17452699]
[ 0.50226039 -0.54853182 -0.22963355]
[ 0.34396003  0.66271185 -0.21252203]
[ 0.47628281  0.59070735 -0.17447378]
[ 0.59361995 -0.48450276 -0.14807246]
[ 0.66270984 -0.34396385 -0.21252349]
[ 0.73520146 -0.17340735 -0.17340735]
[  7.45999931e-01  -4.09347009e-05  -2.00111972e-01]
[ 0.71744898  0.20002704 -0.20000936]
[ 0.56626189  0.48010465 -0.2369999 ]
[ 0.65087034  0.37764658 -0.1925501 ]
[-0.8  0.   0. ]
[-0.67625173 -0.37766329  0.04440918]
[-0.79001276 -0.03495524 -0.03495524]
[-0.75462923 -0.16710732 -0.01674315]
[-0.79001276  0.03495524  0.03495524]
[-0.79001276 -0.03495524  0.03495524]
[-0.75462923  0.16710732  0.01674315]
[-0.67625173  0.37766329 -0.04440918]
[-0.59364313 -0.50223224 -0.04443111]
[-0.50223449 -0.59364069  0.04443755]
[-0.59364353  0.50223187  0.04443005]
[-0.50223387  0.59364119 -0.04443877]
[-0.37766329 -0.67625173 -0.04440918]
[ -3.77663716e-01   6.76250927e-01  -1.12721516e-04]
[-0.16710732 -0.75462923  0.01674315]
[-0.03495524 -0.79001276  0.03495524]
[ -2.00106562e-01   7.46001605e-01   3.82292662e-05]
[ 0.  -0.8  0. ]
[ 0.03495524 -0.79001276 -0.03495524]
[ 0.03495524 -0.79001276  0.03495524]
[  3.12250226e-17   7.74601536e-01   2.94902991e-17]
[ 0.16710732 -0.75462923 -0.01674315]
[  2.00106562e-01   7.46001605e-01  -3.82292662e-05]
[ 0.37766329 -0.67625173  0.04440918]
[ 0.50223224 -0.59364313 -0.04443111]
[  3.77663716e-01   6.76250927e-01   1.12721623e-04]
[ 0.50223093  0.59364437  0.04443038]
[ 0.59364153 -0.50223356  0.04443788]
[  6.76250927e-01  -3.77663716e-01   1.12721623e-04]
[  7.46001605e-01  -2.00106562e-01  -3.82292662e-05]
[  7.74601536e-01   8.15320034e-17   3.12250226e-17]
[  7.46001605e-01   2.00106562e-01   3.82292662e-05]
[ 0.59364119  0.50223387 -0.04443877]
[  6.76250927e-01   3.77663716e-01  -1.12721516e-04]
[-0.65089189 -0.35689228  0.23693871]
[-0.71744896 -0.20000936  0.20002704]
[-0.75463075  0.01674163  0.16710224]
[-0.7237923   0.20003009  0.20003009]
[-0.6626794   0.36175482  0.17452172]
[-0.57516953 -0.48343005  0.19437118]
[-0.46942694 -0.58623734  0.21768246]
[-0.60286761 -0.40224014  0.31106509]
[-0.58948928  0.4800542   0.18884653]
[-0.59489353  0.40157527  0.31101739]
[-0.50004005  0.56187476  0.18885909]
[-0.36175184 -0.66268141  0.1745185 ]
[-0.37509448 -0.60993815  0.32438825]
[-0.34397007  0.66270656  0.21252588]
[-0.42321074  0.57554934  0.32441425]
[-0.20003009 -0.7237923   0.20003009]
[-0.17340735  0.73520146  0.17340735]
[-0.01674163 -0.75463075  0.16710224]
[ -4.09347009e-05   7.45999931e-01   2.00111972e-01]
[ 0.20000936 -0.71744896  0.20002704]
[ 0.20002704  0.71744898  0.20000936]
[ 0.35689226 -0.65089189  0.23693871]
[ 0.48343003 -0.57516953  0.19437118]
[ 0.40224011 -0.60286761  0.31106509]
[ 0.37764921  0.65086863  0.19255286]
[ 0.4800549   0.58948774  0.18884948]
[ 0.42045759  0.57652469  0.31420207]
[ 0.58623734 -0.46942694  0.21768246]
[ 0.65087034 -0.37764658  0.19255008]
[ 0.60993817 -0.37509448  0.32438825]
[ 0.71744898 -0.20002704  0.20000936]
[  7.45999931e-01   4.09347009e-05   2.00111972e-01]
[ 0.73520146  0.17340735  0.17340735]
[ 0.57547291  0.49528676  0.16822317]
[ 0.66270695  0.34396931  0.21252559]
[ 0.55735884  0.44161222  0.32589843]
[-0.65086856 -0.19255289  0.37764921]
[ -6.76250885e-01  -1.12720462e-04   3.77663716e-01]
[-0.66271232  0.21252129  0.34395932]
[-0.57652467 -0.31420215  0.42045759]
[-0.51987791 -0.41192064  0.41043652]
[-0.58948771 -0.18884951  0.4800549 ]
[-0.59364435 -0.04443038  0.50223093]
[-0.60286691  0.31106655  0.40224009]
[-0.59070735  0.17447376  0.47628281]
[-0.51656842  0.40780675  0.40894955]
[-0.40894897 -0.5165682   0.40780781]
[-0.29769807 -0.58622926  0.4285621 ]
[-0.41563237 -0.41563013  0.5198664 ]
[-0.41563013  0.5198664   0.41563231]
[-0.41192064  0.41043652  0.51987784]
[-0.33327364  0.56891656  0.41661948]
[-0.21252277 -0.66271032  0.34396313]
[-0.14807246 -0.59361993  0.48450276]
[-0.17452674  0.66267604  0.36175998]
[-0.20889101  0.5649044   0.49604874]
[  1.12720569e-04  -6.76250885e-01   3.77663716e-01]
[ 0.04443038 -0.59364435  0.50223093]
[ 0.04440918  0.67625178  0.37766329]
[-0.04443111  0.59364315  0.50223225]
[ 0.19255287 -0.65086856  0.37764921]
[ 0.31420207 -0.57652467  0.42045759]
[ 0.18884948 -0.58948771  0.4800549 ]
[ 0.23693871  0.65089196  0.35689226]
[ 0.31106509  0.60286761  0.40224011]
[ 0.19437118  0.57516953  0.48343003]
[ 0.41192057 -0.51987791  0.41043652]
[ 0.51656813 -0.40894897  0.40780781]
[ 0.41563007 -0.41563237  0.5198664 ]
[ 0.41043652  0.51987784  0.41192057]
[ 0.5198664   0.41563231  0.41563007]
[ 0.40780781  0.40894892  0.51656813]
[ 0.58622926 -0.29769807  0.4285621 ]
[ 0.65089025 -0.23693913  0.35689601]
[ 0.59361817 -0.14807294  0.48450466]
[ 0.67625178 -0.04440918  0.37766329]
[ 0.59364315  0.04443111  0.50223225]
[ 0.58599875  0.33326982  0.39711644]
[ 0.66267565  0.17452735  0.36176056]
[ 0.54853184  0.22963351  0.50226039]
[-0.49528676 -0.1682232   0.57547291]
[-0.50223387  0.04443877  0.59364119]
[-0.48010467  0.23699988  0.56626189]
[-0.44161226 -0.32589852  0.55735884]
[-0.33326988 -0.39711649  0.58599875]
[-0.34396933 -0.21252561  0.66270695]
[ -3.77663716e-01   1.12721623e-04   6.76250927e-01]
[-0.37509357  0.32438754  0.60993897]
[-0.37764658  0.19255008  0.65087034]
[-0.30364176  0.44608658  0.56624051]
[-0.22963355 -0.50226041  0.54853184]
[-0.17452736 -0.36176056  0.66267565]
[-0.17340735 -0.17340735  0.73520146]
[ -2.00106562e-01  -3.82292662e-05   7.46001605e-01]
[-0.20002704  0.20000936  0.71744898]
[-0.14807635  0.48450498  0.59361698]
[-0.23693913  0.35689601  0.65089025]
[-0.04443111 -0.50223225  0.59364315]
[ 0.04440918 -0.37766329  0.67625178]
[ -4.09347009e-05  -2.00111972e-01   7.45999931e-01]
[ -1.73472348e-17  -1.38777878e-17   7.74601536e-01]
[  4.09347009e-05   2.00111972e-01   7.45999931e-01]
[ 0.04443755  0.5022345   0.59364071]
[-0.04440918  0.37766329  0.67625178]
[ 0.16822415 -0.4952887   0.57547087]
[ 0.32589843 -0.44161226  0.55735884]
[ 0.23693969 -0.35690143  0.65088778]
[ 0.20002704 -0.20000936  0.71744898]
[  2.00106562e-01   3.82292662e-05   7.46001605e-01]
[ 0.17340735  0.17340735  0.73520146]
[ 0.21768246  0.46942694  0.58623734]
[ 0.32438825  0.37509445  0.60993817]
[ 0.17451888  0.3617527   0.66268093]
[ 0.39711644 -0.33326988  0.58599875]
[ 0.50226039 -0.22963355  0.54853184]
[ 0.37765351 -0.19255744  0.65086584]
[ 0.50223131 -0.04443145  0.59364396]
[  3.77663716e-01  -1.12721516e-04   6.76250927e-01]
[ 0.4285621   0.29769801  0.58622926]
[ 0.48450276  0.14807243  0.59361995]
[ 0.34396383  0.21252348  0.66270984]
faces :
[ 0  6 11]
[ 6  0 13]
[ 0 11 14]
[13  0 14]
[ 1 25 31]
[ 1  2 27]
[25  1 27]
[ 2  3 29]
[27  2 29]
[29  3 34]
[ 4 32 37]
[31 32  4]
[31  4  1]
[1 4 5]
[2 1 7]
[7 1 5]
[3 2 8]
[8 2 7]
[35 34  3]
[35  3  9]
[9 3 8]
[35  9 39]
[10  4 37]
[41 10 37]
[ 5  4 12]
[12  4 10]
[ 6 12 11]
[ 6  7 12]
[ 7  5 12]
[13  7  6]
[13 15  7]
[15  8  7]
[ 9  8 16]
[16  8 15]
[43 39  9]
[16 43  9]
[17 10 41]
[45 17 41]
[12 10 18]
[18 10 17]
[11 19 14]
[11 12 19]
[12 18 19]
[14 15 13]
[14 19 15]
[19 20 15]
[16 15 21]
[21 15 20]
[48 43 16]
[21 48 16]
[17 45 47]
[47 51 22]
[47 22 17]
[17 22 18]
[19 18 23]
[23 18 22]
[20 19 24]
[24 19 23]
[55 49 21]
[55 21 24]
[24 21 20]
[48 21 49]
[22 51 53]
[23 22 53]
[54 23 53]
[24 23 54]
[56 24 54]
[55 24 56]
[26 61 64]
[26 28 62]
[61 26 62]
[28 30 63]
[62 28 63]
[63 30 67]
[33 65 70]
[64 65 33]
[26 64 33]
[26 33 31]
[26 31 25]
[27 26 25]
[28 26 27]
[29 28 27]
[30 28 29]
[34 36 68]
[29 34 68]
[29 68 67]
[29 67 30]
[68 36 73]
[38 71 76]
[70 71 38]
[33 70 38]
[33 38 37]
[33 37 32]
[31 33 32]
[34 35 36]
[39 40 74]
[35 39 74]
[35 74 73]
[35 73 36]
[74 40 77]
[42 38 76]
[78 42 76]
[37 42 41]
[38 42 37]
[40 43 44]
[39 43 40]
[79 77 40]
[44 79 40]
[46 42 78]
[80 46 78]
[41 46 45]
[42 46 41]
[44 48 50]
[43 48 44]
[82 79 44]
[50 82 44]
[46 80 81]
[52 81 84]
[47 81 52]
[47 46 81]
[47 45 46]
[47 52 51]
[49 55 57]
[49 57 87]
[48 49 87]
[48 87 83]
[48 83 50]
[82 50 83]
[52 84 86]
[58 86 90]
[53 86 58]
[53 52 86]
[53 51 52]
[53 59 54]
[58 59 53]
[54 60 56]
[59 60 54]
[56 60 94]
[55 56 94]
[55 94 88]
[55 88 57]
[87 57 88]
[58 90 92]
[59 58 92]
[93 59 92]
[60 59 93]
[95 60 93]
[94 60 95]
[ 66  97 103]
[66 64 61]
[66 61 97]
[97 61 98]
[62 99 61]
[61 99 98]
[ 63 101  62]
[ 62 101  99]
[ 67  69 102]
[ 67 102  63]
[ 63 102 101]
[102  69 105]
[ 72 104 107]
[103 104  72]
[ 66 103  72]
[66 72 70]
[66 70 65]
[64 66 65]
[67 68 69]
[ 73  75 106]
[ 68  73 106]
[ 68 106 105]
[ 68 105  69]
[106  75 108]
[ 71  72 107]
[ 71 107  76]
[ 76 107 109]
[70 72 71]
[73 74 75]
[75 74 77]
[ 75  77 108]
[108  77 110]
[ 76 109  78]
[109 111  78]
[ 77  79 110]
[110  79 113]
[ 78 111  80]
[111 114  80]
[ 79  82 113]
[113  82 115]
[85 81 80]
[ 85  80 116]
[116  80 114]
[81 85 84]
[83 87 89]
[ 83  89 118]
[ 83 118  82]
[ 82 118 115]
[ 85 116 117]
[ 91 117 120]
[ 86 117  91]
[ 86  85 117]
[86 84 85]
[86 91 90]
[88 94 96]
[ 88  96 125]
[ 87  88 125]
[ 87 125 119]
[ 87 119  89]
[118  89 119]
[ 91 120 121]
[ 90  91 121]
[ 90 121  92]
[ 92 121 122]
[ 93  92 123]
[ 92 122 123]
[ 95  93 124]
[ 93 123 124]
[96 94 95]
[ 96  95 126]
[126  95 124]
[125  96 126]
[100 127 129]
[127 100 131]
[ 97 128 135]
[103  97 135]
[ 98 130  97]
[ 97 130 128]
[129  99 100]
[129 130  99]
[130  98  99]
[100 133 131]
[100  99 133]
[ 99 101 133]
[102 134 101]
[101 134 133]
[134 102 105]
[137 134 105]
[104 136 139]
[107 104 139]
[135 104 103]
[136 104 135]
[105 138 137]
[106 138 105]
[138 106 108]
[140 138 108]
[107 139 109]
[139 141 109]
[108 110 140]
[140 110 143]
[112 142 144]
[112 141 142]
[112 111 141]
[111 109 141]
[110 113 143]
[143 113 147]
[112 144 145]
[145 111 112]
[145 148 111]
[148 114 111]
[113 115 147]
[147 115 149]
[114 148 116]
[148 150 116]
[115 118 149]
[149 118 152]
[116 150 151]
[117 116 151]
[151 120 117]
[154 120 151]
[119 159 153]
[125 159 119]
[152 118 119]
[153 152 119]
[120 154 155]
[121 120 155]
[122 121 156]
[121 155 156]
[123 122 157]
[122 156 157]
[124 123 158]
[123 157 158]
[126 124 160]
[124 158 160]
[159 125 126]
[160 159 126]
[127 132 129]
[127 131 132]
[128 161 166]
[135 128 166]
[130 162 128]
[128 162 161]
[132 130 129]
[132 163 130]
[163 162 130]
[131 163 132]
[131 133 163]
[133 164 163]
[134 165 133]
[133 165 164]
[165 134 137]
[169 165 137]
[136 167 172]
[139 136 172]
[166 136 135]
[167 136 166]
[137 171 169]
[138 171 137]
[171 138 140]
[174 171 140]
[139 172 141]
[172 176 141]
[140 143 174]
[174 143 177]
[142 146 144]
[142 178 146]
[142 141 178]
[141 176 178]
[143 147 177]
[177 147 179]
[144 146 145]
[146 148 145]
[146 178 148]
[178 180 148]
[147 149 179]
[179 149 181]
[148 180 150]
[180 182 150]
[149 152 181]
[181 152 185]
[150 182 183]
[151 150 183]
[183 154 151]
[188 154 183]
[153 194 186]
[159 194 153]
[185 152 153]
[186 185 153]
[154 188 189]
[155 154 189]
[156 155 191]
[155 189 191]
[157 156 192]
[156 191 192]
[158 157 193]
[157 192 193]
[160 158 195]
[158 193 195]
[194 159 160]
[195 194 160]
[161 168 166]
[200 168 161]
[200 161 197]
[197 161 162]
[163 198 162]
[162 198 197]
[164 199 163]
[163 199 198]
[170 204 199]
[170 199 165]
[165 199 164]
[165 169 170]
[167 173 172]
[167 207 173]
[166 207 167]
[166 201 207]
[166 168 201]
[200 201 168]
[170 206 204]
[175 210 206]
[171 175 206]
[171 206 170]
[171 170 169]
[171 174 175]
[173 208 213]
[173 213 172]
[172 213 176]
[207 208 173]
[175 212 210]
[212 175 174]
[212 174 215]
[215 174 177]
[176 213 178]
[213 217 178]
[177 179 215]
[215 179 219]
[178 217 180]
[217 221 180]
[179 181 219]
[219 181 224]
[222 184 182]
[222 182 221]
[221 182 180]
[222 227 184]
[187 230 225]
[187 225 224]
[187 224 185]
[185 224 181]
[182 184 183]
[188 228 190]
[183 228 188]
[183 227 228]
[183 184 227]
[228 233 190]
[196 238 231]
[230 196 231]
[187 196 230]
[187 194 196]
[187 186 194]
[185 186 187]
[188 190 189]
[190 233 234]
[190 234 189]
[189 234 191]
[192 191 236]
[191 234 236]
[193 192 239]
[192 236 239]
[238 196 195]
[238 195 239]
[239 195 193]
[194 195 196]
[197 202 200]
[197 198 203]
[202 197 203]
[198 199 205]
[203 198 205]
[199 204 205]
[201 209 207]
[201 244 209]
[200 244 201]
[200 241 244]
[200 202 241]
[203 241 202]
[242 241 203]
[205 242 203]
[243 242 205]
[211 248 243]
[206 211 243]
[206 243 205]
[206 205 204]
[206 210 211]
[208 214 213]
[208 251 214]
[207 251 208]
[207 245 251]
[207 209 245]
[244 245 209]
[211 250 248]
[216 256 250]
[212 216 250]
[212 250 211]
[212 211 210]
[212 215 216]
[214 218 217]
[213 214 217]
[258 214 251]
[218 214 258]
[220 256 216]
[263 256 220]
[215 219 220]
[216 215 220]
[218 223 221]
[217 218 221]
[265 218 258]
[223 218 265]
[226 263 220]
[271 263 226]
[219 224 226]
[220 219 226]
[221 223 222]
[227 266 229]
[222 266 227]
[222 265 266]
[222 223 265]
[266 274 229]
[232 279 272]
[271 232 272]
[226 232 271]
[226 230 232]
[226 225 230]
[224 225 226]
[227 229 228]
[233 275 235]
[228 275 233]
[228 274 275]
[228 229 274]
[235 277 237]
[275 277 235]
[237 280 240]
[277 280 237]
[279 240 280]
[232 240 279]
[232 238 240]
[232 231 238]
[230 231 232]
[233 235 234]
[236 234 235]
[237 236 235]
[239 236 237]
[240 239 237]
[238 239 240]
[241 246 244]
[241 242 247]
[246 241 247]
[242 243 249]
[247 242 249]
[243 248 249]
[245 252 251]
[245 244 246]
[245 246 252]
[252 246 253]
[247 254 246]
[254 253 246]
[249 255 247]
[255 254 247]
[248 250 257]
[248 257 249]
[249 257 255]
[250 256 257]
[252 259 258]
[251 252 258]
[253 260 252]
[260 259 252]
[254 261 253]
[261 260 253]
[255 262 254]
[262 261 254]
[257 264 255]
[264 262 255]
[256 263 264]
[257 256 264]
[259 267 265]
[258 259 265]
[260 268 259]
[268 267 259]
[261 269 260]
[269 268 260]
[262 270 261]
[270 269 261]
[264 273 262]
[273 270 262]
[263 271 273]
[264 263 273]
[265 267 266]
[274 266 267]
[274 267 276]
[276 267 268]
[269 278 268]
[278 276 268]
[270 281 269]
[281 278 269]
[272 279 281]
[272 281 273]
[273 281 270]
[271 272 273]
[274 276 275]
[277 275 276]
[278 277 276]
[280 277 278]
[281 280 278]
[279 280 281]
centroids :
[ 0.   0.  -0.8]
[ 0.   0.  -0.8]
[ 0.   0.  -0.8]
[ 0.   0.  -0.8]
[-0.42666664 -0.24444447 -0.61904761]
[-0.44000003 -0.06666667 -0.64761906]
[-0.46666667 -0.13333333 -0.61904761]
[-0.42666664  0.13333333 -0.64761906]
[-0.46666667  0.06666667 -0.62857145]
[-0.42666664  0.2444444  -0.61904761]
[-0.24444447 -0.42666664 -0.61904761]
[-0.31111113 -0.3777778  -0.61904761]
[-0.33333333 -0.31111113 -0.63809522]
[-0.26666667 -0.26666667 -0.68571428]
[-0.33333333 -0.06666667 -0.70476189]
[-0.26666667 -0.13333333 -0.7238095 ]
[-0.33333333  0.13333333 -0.69523811]
[-0.26666667  0.06666667 -0.73333333]
[-0.3777778   0.31111107 -0.61904761]
[-0.31111113  0.33333333 -0.63809522]
[-0.26666667  0.26666667 -0.68571428]
[-0.24444447  0.42666664 -0.61904761]
[-0.13333333 -0.42666664 -0.64761906]
[-0.06666667 -0.46666667 -0.62857145]
[-0.13333333 -0.26666667 -0.7238095 ]
[-0.06666667 -0.33333333 -0.70476189]
[ 0.         -0.06666667 -0.79047616]
[-0.06666667 -0.06666667 -0.78095233]
[-0.13333333 -0.13333333 -0.76190472]
[-0.06666667  0.         -0.79047616]
[-0.06666667  0.06666667 -0.78095233]
[-0.13333333  0.13333333 -0.76190472]
[-0.13333333  0.33333333 -0.69523811]
[-0.06666667  0.26666667 -0.73333333]
[-0.13333333  0.46666667 -0.61904761]
[-0.06666667  0.44000003 -0.64761906]
[ 0.06666667 -0.44000003 -0.64761906]
[ 0.13333333 -0.46666667 -0.61904761]
[ 0.06666667 -0.26666667 -0.73333333]
[ 0.13333333 -0.33333333 -0.69523811]
[ 0.06666667  0.         -0.79047616]
[ 0.06666667 -0.06666667 -0.78095233]
[ 0.13333333 -0.13333333 -0.76190472]
[ 0.          0.06666667 -0.79047616]
[ 0.06666667  0.06666667 -0.78095233]
[ 0.13333333  0.13333333 -0.76190472]
[ 0.06666667  0.33333333 -0.70476189]
[ 0.13333333  0.26666667 -0.7238095 ]
[ 0.06666667  0.46666667 -0.62857145]
[ 0.13333333  0.42666664 -0.64761906]
[ 0.2444444  -0.42666664 -0.61904761]
[ 0.37777774 -0.31111113 -0.61904761]
[ 0.31111107 -0.33333333 -0.63809522]
[ 0.26666667 -0.26666667 -0.68571428]
[ 0.26666667 -0.06666667 -0.73333333]
[ 0.33333333 -0.13333333 -0.69523811]
[ 0.26666667  0.13333333 -0.7238095 ]
[ 0.33333333  0.06666667 -0.70476189]
[ 0.31111107  0.37777774 -0.61904761]
[ 0.33333333  0.31111107 -0.63809522]
[ 0.26666667  0.26666667 -0.68571428]
[ 0.2444444   0.42666664 -0.61904761]
[ 0.42666664 -0.24444447 -0.61904761]
[ 0.42666664 -0.13333333 -0.64761906]
[ 0.46666667 -0.06666667 -0.62857145]
[ 0.44000003  0.06666667 -0.64761906]
[ 0.46666667  0.13333333 -0.61904761]
[ 0.42666664  0.2444444  -0.61904761]
[-0.61904761 -0.24444447 -0.42666664]
[-0.62857145 -0.06666667 -0.46666667]
[-0.64761906 -0.13333333 -0.42666664]
[-0.61904761  0.13333333 -0.46666667]
[-0.64761906  0.06666667 -0.44000003]
[-0.61904761  0.2444444  -0.42666664]
[-0.45333335 -0.45333335 -0.45333335]
[-0.52000001 -0.3777778  -0.45333335]
[-0.53333333 -0.31111113 -0.47999999]
[-0.46666667 -0.31111113 -0.54666665]
[-0.49333331 -0.24444447 -0.55999997]
[-0.53333333 -0.13333333 -0.55999997]
[-0.57333336 -0.06666667 -0.53333333]
[-0.53333333  0.06666667 -0.57333336]
[-0.55999997  0.13333333 -0.53333333]
[-0.45333335  0.37777774 -0.52000001]
[-0.47999999  0.31111107 -0.53333333]
[-0.54666665  0.31111107 -0.46666667]
[-0.55999997  0.2444444  -0.49333331]
[-0.45333335  0.45333328 -0.45333335]
[-0.24444447 -0.61904761 -0.42666664]
[-0.31111113 -0.58666668 -0.42666664]
[-0.33333333 -0.52000001 -0.47999999]
[-0.26666667 -0.49333331 -0.54666665]
[-0.31111113 -0.42666664 -0.58666668]
[-0.3777778  -0.3777778  -0.58666668]
[-0.3777778   0.37777774 -0.58666668]
[-0.24444447  0.55999997 -0.49333331]
[-0.28888893  0.49333331 -0.53333333]
[-0.3555556   0.51999995 -0.46666667]
[-0.3777778   0.45333328 -0.52000001]
[-0.24444447  0.61904767 -0.42666664]
[-0.13333333 -0.61904761 -0.46666667]
[-0.06666667 -0.64761906 -0.44000003]
[-0.06666667 -0.53333333 -0.57333336]
[-0.13333333 -0.55999997 -0.53333333]
[-0.06666667  0.57333336 -0.53333333]
[-0.13333333  0.53333333 -0.55999997]
[-0.13333333  0.64761912 -0.42666664]
[-0.06666667  0.62857145 -0.46666667]
[ 0.06666667 -0.62857145 -0.46666667]
[ 0.13333333 -0.64761906 -0.42666664]
[ 0.13333333 -0.53333333 -0.55999997]
[ 0.06666667 -0.57333336 -0.53333333]
[ 0.13333333  0.55999997 -0.53333333]
[ 0.06666667  0.53333333 -0.57333336]
[ 0.06666667  0.64761912 -0.44000003]
[ 0.13333333  0.61904767 -0.46666667]
[ 0.2444444  -0.61904761 -0.42666664]
[ 0.37777774 -0.52000001 -0.45333335]
[ 0.35555547 -0.46666667 -0.52000001]
[ 0.2888888  -0.53333333 -0.49333331]
[ 0.2444444  -0.49333331 -0.55999997]
[ 0.37777774 -0.3777778  -0.58666668]
[ 0.37777774  0.37777774 -0.58666668]
[ 0.37777774  0.45333328 -0.52000001]
[ 0.31111107  0.47999992 -0.53333333]
[ 0.31111107  0.54666659 -0.46666667]
[ 0.2444444   0.55999997 -0.49333331]
[ 0.2444444   0.61904767 -0.42666664]
[ 0.45333328 -0.45333335 -0.45333335]
[ 0.58666662 -0.31111113 -0.42666664]
[ 0.54666659 -0.26666667 -0.49333331]
[ 0.47999992 -0.33333333 -0.52000001]
[ 0.42666664 -0.31111113 -0.58666668]
[ 0.53333333 -0.06666667 -0.57333336]
[ 0.55999997 -0.13333333 -0.53333333]
[ 0.53333333  0.13333333 -0.55999997]
[ 0.57333336  0.06666667 -0.53333333]
[ 0.55999997  0.2444444  -0.49333331]
[ 0.49333331  0.2888888  -0.53333333]
[ 0.51999995  0.35555547 -0.46666667]
[ 0.45333328  0.37777774 -0.52000001]
[ 0.45333328  0.45333328 -0.45333335]
[ 0.61904767 -0.24444447 -0.42666664]
[ 0.61904767 -0.13333333 -0.46666667]
[ 0.64761912 -0.06666667 -0.44000003]
[ 0.62857145  0.06666667 -0.46666667]
[ 0.64761912  0.13333333 -0.42666664]
[ 0.61904767  0.2444444  -0.42666664]
[-0.61904761 -0.42666664 -0.24444447]
[-0.61904761 -0.31111113 -0.3777778 ]
[-0.63809522 -0.33333333 -0.31111113]
[-0.68571428 -0.26666667 -0.26666667]
[-0.70476189 -0.06666667 -0.33333333]
[-0.7238095  -0.13333333 -0.26666667]
[-0.69523811  0.13333333 -0.33333333]
[-0.73333333  0.06666667 -0.26666667]
[-0.61904761  0.37777774 -0.31111113]
[-0.63809522  0.31111107 -0.33333333]
[-0.68571428  0.26666667 -0.26666667]
[-0.61904761  0.42666664 -0.24444447]
[-0.42666664 -0.61904761 -0.24444447]
[-0.49333331 -0.55999997 -0.24444447]
[-0.53333333 -0.49333331 -0.28888893]
[-0.46666667 -0.52000001 -0.3555556 ]
[-0.52000001 -0.45333335 -0.3777778 ]
[-0.58666668 -0.3777778  -0.3777778 ]
[-0.58666668  0.37777774 -0.3777778 ]
[-0.42666664  0.58666662 -0.31111113]
[-0.47999999  0.51999995 -0.33333333]
[-0.54666665  0.49333331 -0.26666667]
[-0.58666668  0.42666664 -0.31111113]
[-0.42666664  0.61904767 -0.24444447]
[-0.3777778  -0.61904761 -0.31111113]
[-0.31111113 -0.63809522 -0.33333333]
[-0.26666667 -0.68571428 -0.26666667]
[-0.3777778  -0.58666668 -0.3777778 ]
[-0.3777778   0.58666662 -0.3777778 ]
[-0.31111113  0.61904767 -0.3777778 ]
[-0.33333333  0.63809535 -0.31111113]
[-0.26666667  0.68571434 -0.26666667]
[-0.13333333 -0.69523811 -0.33333333]
[-0.06666667 -0.73333333 -0.26666667]
[-0.13333333  0.69523811 -0.33333333]
[-0.06666667  0.73333333 -0.26666667]
[ 0.06666667 -0.70476189 -0.33333333]
[ 0.13333333 -0.7238095  -0.26666667]
[ 0.06666667  0.70476201 -0.33333333]
[ 0.13333333  0.72380956 -0.26666667]
[ 0.31111107 -0.61904761 -0.3777778 ]
[ 0.33333333 -0.63809522 -0.31111113]
[ 0.26666667 -0.68571428 -0.26666667]
[ 0.37777774 -0.58666668 -0.3777778 ]
[ 0.37777774  0.58666662 -0.3777778 ]
[ 0.37777774  0.61904767 -0.31111113]
[ 0.31111107  0.63809535 -0.33333333]
[ 0.26666667  0.68571434 -0.26666667]
[ 0.42666664 -0.61904761 -0.24444447]
[ 0.55999997 -0.49333331 -0.24444447]
[ 0.54666659 -0.46666667 -0.31111113]
[ 0.47999992 -0.53333333 -0.31111113]
[ 0.45333328 -0.52000001 -0.3777778 ]
[ 0.58666662 -0.3777778  -0.3777778 ]
[ 0.58666662  0.37777774 -0.3777778 ]
[ 0.58666662  0.42666664 -0.31111113]
[ 0.51999995  0.47999992 -0.33333333]
[ 0.49333331  0.54666659 -0.26666667]
[ 0.42666664  0.58666662 -0.31111113]
[ 0.42666664  0.61904767 -0.24444447]
[ 0.61904767 -0.42666664 -0.24444447]
[ 0.61904767 -0.3777778  -0.31111113]
[ 0.63809535 -0.31111113 -0.33333333]
[ 0.68571434 -0.26666667 -0.26666667]
[ 0.70476201 -0.06666667 -0.33333333]
[ 0.72380956 -0.13333333 -0.26666667]
[ 0.69523811  0.13333333 -0.33333333]
[ 0.73333333  0.06666667 -0.26666667]
[ 0.61904767  0.31111107 -0.3777778 ]
[ 0.63809535  0.33333333 -0.31111113]
[ 0.68571434  0.26666667 -0.26666667]
[ 0.61904767  0.42666664 -0.24444447]
[-0.8  0.   0. ]
[-0.8  0.   0. ]
[-0.64761906 -0.44000003 -0.06666667]
[-0.61904761 -0.46666667 -0.13333333]
[-0.7238095  -0.26666667 -0.13333333]
[-0.70476189 -0.33333333 -0.06666667]
[-0.79047616  0.         -0.06666667]
[-0.78095233 -0.06666667 -0.06666667]
[-0.76190472 -0.13333333 -0.13333333]
[-0.79047616  0.06666667  0.        ]
[-0.78095233  0.06666667 -0.06666667]
[-0.76190472  0.13333333 -0.13333333]
[-0.69523811  0.33333333 -0.13333333]
[-0.73333333  0.26666667 -0.06666667]
[-0.64761906  0.42666664 -0.13333333]
[-0.62857145  0.46666667 -0.06666667]
[-0.46666667 -0.62857145 -0.06666667]
[-0.42666664 -0.64761906 -0.13333333]
[-0.55999997 -0.53333333 -0.13333333]
[-0.53333333 -0.57333336 -0.06666667]
[-0.57333336  0.53333333 -0.06666667]
[-0.53333333  0.55999997 -0.13333333]
[-0.46666667  0.61904767 -0.13333333]
[-0.44000003  0.64761912 -0.06666667]
[-0.33333333 -0.69523811 -0.13333333]
[-0.26666667 -0.73333333 -0.06666667]
[-0.33333333  0.69523811 -0.13333333]
[-0.26666667  0.73333333 -0.06666667]
[ 0.  -0.8  0. ]
[-0.06666667 -0.79047616  0.        ]
[-0.06666667 -0.78095233 -0.06666667]
[-0.13333333 -0.76190472 -0.13333333]
[-0.13333333  0.76190478 -0.13333333]
[-0.06666667  0.78095245 -0.06666667]
[ 0.  -0.8  0. ]
[ 0.         -0.79047616 -0.06666667]
[ 0.06666667 -0.78095233 -0.06666667]
[ 0.13333333 -0.76190472 -0.13333333]
[ 0.06666667  0.77142855 -0.13333333]
[ 0.13333333  0.77142855 -0.06666667]
[ 0.26666667 -0.7238095  -0.13333333]
[ 0.33333333 -0.70476189 -0.06666667]
[ 0.26666667  0.72380956 -0.13333333]
[ 0.33333333  0.70476201 -0.06666667]
[ 0.44000003 -0.64761906 -0.06666667]
[ 0.46666667 -0.61904761 -0.13333333]
[ 0.53333333 -0.55999997 -0.13333333]
[ 0.57333336 -0.53333333 -0.06666667]
[ 0.53333333  0.57333336 -0.06666667]
[ 0.55999997  0.53333333 -0.13333333]
[ 0.42666664  0.64761912 -0.13333333]
[ 0.46666667  0.62857145 -0.06666667]
[ 0.62857145 -0.46666667 -0.06666667]
[ 0.64761912 -0.42666664 -0.13333333]
[ 0.72380956 -0.26666667 -0.13333333]
[ 0.70476201 -0.33333333 -0.06666667]
[ 0.77142855 -0.06666667 -0.13333333]
[ 0.77142855 -0.13333333 -0.06666667]
[ 0.76190478  0.13333333 -0.13333333]
[ 0.78095245  0.06666667 -0.06666667]
[ 0.69523811  0.33333333 -0.13333333]
[ 0.73333333  0.26666667 -0.06666667]
[ 0.61904767  0.46666667 -0.13333333]
[ 0.64761912  0.44000003 -0.06666667]
[-0.8  0.   0. ]
[-0.8  0.   0. ]
[-0.64761906 -0.42666664  0.13333333]
[-0.62857145 -0.46666667  0.06666667]
[-0.73333333 -0.26666667  0.06666667]
[-0.69523811 -0.33333333  0.13333333]
[-0.79047616 -0.06666667  0.        ]
[-0.78095233 -0.06666667  0.06666667]
[-0.76190472 -0.13333333  0.13333333]
[-0.79047616  0.          0.06666667]
[-0.78095233  0.06666667  0.06666667]
[-0.76190472  0.13333333  0.13333333]
[-0.70476189  0.33333333  0.06666667]
[-0.7238095   0.26666667  0.13333333]
[-0.64761906  0.44000003  0.06666667]
[-0.61904761  0.46666667  0.13333333]
[-0.46666667 -0.61904761  0.13333333]
[-0.44000003 -0.64761906  0.06666667]
[-0.57333336 -0.53333333  0.06666667]
[-0.53333333 -0.55999997  0.13333333]
[-0.55999997  0.53333333  0.13333333]
[-0.53333333  0.57333336  0.06666667]
[-0.46666667  0.62857145  0.06666667]
[-0.42666664  0.64761912  0.13333333]
[-0.33333333 -0.70476189  0.06666667]
[-0.26666667 -0.7238095   0.13333333]
[-0.33333333  0.70476201  0.06666667]
[-0.26666667  0.72380956  0.13333333]
[ 0.  -0.8  0. ]
[ 0.         -0.79047616  0.06666667]
[-0.06666667 -0.78095233  0.06666667]
[-0.13333333 -0.76190472  0.13333333]
[-0.13333333  0.77142855  0.06666667]
[-0.06666667  0.77142855  0.13333333]
[ 0.  -0.8  0. ]
[ 0.06666667 -0.79047616  0.        ]
[ 0.06666667 -0.78095233  0.06666667]
[ 0.13333333 -0.76190472  0.13333333]
[ 0.06666667  0.78095245  0.06666667]
[ 0.13333333  0.76190478  0.13333333]
[ 0.26666667 -0.73333333  0.06666667]
[ 0.33333333 -0.69523811  0.13333333]
[ 0.26666667  0.73333333  0.06666667]
[ 0.33333333  0.69523811  0.13333333]
[ 0.42666664 -0.64761906  0.13333333]
[ 0.46666667 -0.62857145  0.06666667]
[ 0.53333333 -0.57333336  0.06666667]
[ 0.55999997 -0.53333333  0.13333333]
[ 0.53333333  0.55999997  0.13333333]
[ 0.57333336  0.53333333  0.06666667]
[ 0.44000003  0.64761912  0.06666667]
[ 0.46666667  0.61904767  0.13333333]
[ 0.61904767 -0.46666667  0.13333333]
[ 0.64761912 -0.44000003  0.06666667]
[ 0.73333333 -0.26666667  0.06666667]
[ 0.69523811 -0.33333333  0.13333333]
[ 0.78095245 -0.06666667  0.06666667]
[ 0.76190478 -0.13333333  0.13333333]
[ 0.77142855  0.13333333  0.06666667]
[ 0.77142855  0.06666667  0.13333333]
[ 0.70476201  0.33333333  0.06666667]
[ 0.72380956  0.26666667  0.13333333]
[ 0.62857145  0.46666667  0.06666667]
[ 0.64761912  0.42666664  0.13333333]
[-0.61904761 -0.42666664  0.2444444 ]
[-0.61904761 -0.3777778   0.31111107]
[-0.63809522 -0.31111113  0.33333333]
[-0.68571428 -0.26666667  0.26666667]
[-0.73333333 -0.06666667  0.26666667]
[-0.69523811 -0.13333333  0.33333333]
[-0.7238095   0.13333333  0.26666667]
[-0.70476189  0.06666667  0.33333333]
[-0.61904761  0.31111107  0.37777774]
[-0.63809522  0.33333333  0.31111107]
[-0.68571428  0.26666667  0.26666667]
[-0.61904761  0.42666664  0.2444444 ]
[-0.42666664 -0.61904761  0.2444444 ]
[-0.42666664 -0.58666668  0.31111107]
[-0.49333331 -0.54666665  0.26666667]
[-0.52000001 -0.47999999  0.33333333]
[-0.58666668 -0.42666664  0.31111107]
[-0.58666668 -0.3777778   0.37777774]
[-0.58666668  0.37777774  0.37777774]
[-0.45333335  0.51999995  0.37777774]
[-0.47999999  0.53333333  0.31111107]
[-0.54666665  0.46666667  0.31111107]
[-0.55999997  0.49333331  0.2444444 ]
[-0.42666664  0.61904767  0.2444444 ]
[-0.31111113 -0.61904761  0.37777774]
[-0.33333333 -0.63809522  0.31111107]
[-0.26666667 -0.68571428  0.26666667]
[-0.3777778  -0.58666668  0.37777774]
[-0.3777778   0.58666662  0.37777774]
[-0.3777778   0.61904767  0.31111107]
[-0.31111113  0.63809535  0.33333333]
[-0.26666667  0.68571434  0.26666667]
[-0.13333333 -0.7238095   0.26666667]
[-0.06666667 -0.70476189  0.33333333]
[-0.13333333  0.72380956  0.26666667]
[-0.06666667  0.70476201  0.33333333]
[ 0.06666667 -0.73333333  0.26666667]
[ 0.13333333 -0.69523811  0.33333333]
[ 0.06666667  0.73333333  0.26666667]
[ 0.13333333  0.69523811  0.33333333]
[ 0.37777774 -0.61904761  0.31111107]
[ 0.31111107 -0.63809522  0.33333333]
[ 0.26666667 -0.68571428  0.26666667]
[ 0.37777774 -0.58666668  0.37777774]
[ 0.37777774  0.58666662  0.37777774]
[ 0.31111107  0.61904767  0.37777774]
[ 0.33333333  0.63809535  0.31111107]
[ 0.26666667  0.68571434  0.26666667]
[ 0.42666664 -0.61904761  0.2444444 ]
[ 0.58666662 -0.42666664  0.31111107]
[ 0.54666659 -0.49333331  0.26666667]
[ 0.47999992 -0.52000001  0.33333333]
[ 0.42666664 -0.58666668  0.31111107]
[ 0.58666662 -0.3777778   0.37777774]
[ 0.58666662  0.37777774  0.37777774]
[ 0.51999995  0.45333328  0.37777774]
[ 0.46666667  0.51999995  0.35555547]
[ 0.53333333  0.49333331  0.2888888 ]
[ 0.49333331  0.55999997  0.2444444 ]
[ 0.42666664  0.61904767  0.2444444 ]
[ 0.61904767 -0.42666664  0.2444444 ]
[ 0.61904767 -0.31111113  0.37777774]
[ 0.63809535 -0.33333333  0.31111107]
[ 0.68571434 -0.26666667  0.26666667]
[ 0.73333333 -0.06666667  0.26666667]
[ 0.69523811 -0.13333333  0.33333333]
[ 0.72380956  0.13333333  0.26666667]
[ 0.70476201  0.06666667  0.33333333]
[ 0.61904767  0.37777774  0.31111107]
[ 0.63809535  0.31111107  0.33333333]
[ 0.68571434  0.26666667  0.26666667]
[ 0.61904767  0.42666664  0.2444444 ]
[-0.61904761 -0.24444447  0.42666664]
[-0.64761906 -0.06666667  0.44000003]
[-0.61904761 -0.13333333  0.46666667]
[-0.64761906  0.13333333  0.42666664]
[-0.62857145  0.06666667  0.46666667]
[-0.61904761  0.2444444   0.42666664]
[-0.45333335 -0.45333335  0.45333328]
[-0.45333335 -0.3777778   0.51999995]
[-0.52000001 -0.3555556   0.46666667]
[-0.49333331 -0.28888893  0.53333333]
[-0.55999997 -0.24444447  0.49333331]
[-0.55999997 -0.13333333  0.53333333]
[-0.53333333 -0.06666667  0.57333336]
[-0.57333336  0.06666667  0.53333333]
[-0.53333333  0.13333333  0.55999997]
[-0.42666664  0.31111107  0.58666662]
[-0.47999999  0.33333333  0.51999995]
[-0.54666665  0.26666667  0.49333331]
[-0.58666668  0.31111107  0.42666664]
[-0.45333335  0.45333328  0.45333328]
[-0.24444447 -0.61904761  0.42666664]
[-0.24444447 -0.55999997  0.49333331]
[-0.31111113 -0.54666665  0.46666667]
[-0.31111113 -0.47999999  0.53333333]
[-0.3777778  -0.45333335  0.51999995]
[-0.3777778  -0.3777778   0.58666662]
[-0.3777778   0.37777774  0.58666662]
[-0.24444447  0.49333331  0.55999997]
[-0.28888893  0.53333333  0.49333331]
[-0.3555556   0.46666667  0.51999995]
[-0.3777778   0.51999995  0.45333328]
[-0.24444447  0.61904767  0.42666664]
[-0.06666667 -0.62857145  0.46666667]
[-0.13333333 -0.64761906  0.42666664]
[-0.13333333 -0.53333333  0.55999997]
[-0.06666667 -0.57333336  0.53333333]
[-0.13333333  0.55999997  0.53333333]
[-0.06666667  0.53333333  0.57333336]
[-0.06666667  0.64761912  0.44000003]
[-0.13333333  0.61904767  0.46666667]
[ 0.13333333 -0.61904761  0.46666667]
[ 0.06666667 -0.64761906  0.44000003]
[ 0.06666667 -0.53333333  0.57333336]
[ 0.13333333 -0.55999997  0.53333333]
[ 0.06666667  0.57333336  0.53333333]
[ 0.13333333  0.53333333  0.55999997]
[ 0.13333333  0.64761912  0.42666664]
[ 0.06666667  0.62857145  0.46666667]
[ 0.2444444  -0.61904761  0.42666664]
[ 0.37777774 -0.45333335  0.51999995]
[ 0.35555547 -0.52000001  0.46666667]
[ 0.2888888  -0.49333331  0.53333333]
[ 0.2444444  -0.55999997  0.49333331]
[ 0.37777774 -0.3777778   0.58666662]
[ 0.37777774  0.37777774  0.58666662]
[ 0.31111107  0.42666664  0.58666662]
[ 0.26666667  0.49333331  0.54666659]
[ 0.33333333  0.51999995  0.47999992]
[ 0.31111107  0.58666662  0.42666664]
[ 0.2444444   0.61904767  0.42666664]
[ 0.45333328 -0.45333335  0.45333328]
[ 0.55999997 -0.24444447  0.49333331]
[ 0.54666659 -0.31111113  0.46666667]
[ 0.47999992 -0.31111113  0.53333333]
[ 0.45333328 -0.3777778   0.51999995]
[ 0.57333336 -0.06666667  0.53333333]
[ 0.53333333 -0.13333333  0.55999997]
[ 0.55999997  0.13333333  0.53333333]
[ 0.53333333  0.06666667  0.57333336]
[ 0.49333331  0.2444444   0.55999997]
[ 0.46666667  0.31111107  0.54666659]
[ 0.53333333  0.31111107  0.47999992]
[ 0.51999995  0.37777774  0.45333328]
[ 0.45333328  0.45333328  0.45333328]
[ 0.61904767 -0.24444447  0.42666664]
[ 0.64761912 -0.13333333  0.42666664]
[ 0.62857145 -0.06666667  0.46666667]
[ 0.64761912  0.06666667  0.44000003]
[ 0.61904767  0.13333333  0.46666667]
[ 0.61904767  0.2444444   0.42666664]
[-0.42666664 -0.24444447  0.61904767]
[-0.46666667 -0.06666667  0.62857145]
[-0.42666664 -0.13333333  0.64761912]
[-0.46666667  0.13333333  0.61904767]
[-0.44000003  0.06666667  0.64761912]
[-0.42666664  0.2444444   0.61904767]
[-0.24444447 -0.42666664  0.61904767]
[-0.3777778  -0.31111113  0.61904767]
[-0.31111113 -0.33333333  0.63809535]
[-0.26666667 -0.26666667  0.68571434]
[-0.33333333 -0.06666667  0.70476201]
[-0.26666667 -0.13333333  0.72380956]
[-0.33333333  0.13333333  0.69523811]
[-0.26666667  0.06666667  0.73333333]
[-0.31111113  0.37777774  0.61904767]
[-0.33333333  0.31111107  0.63809535]
[-0.26666667  0.26666667  0.68571434]
[-0.24444447  0.42666664  0.61904767]
[-0.06666667 -0.44000003  0.64761912]
[-0.13333333 -0.46666667  0.61904767]
[-0.13333333 -0.26666667  0.72380956]
[-0.06666667 -0.33333333  0.70476201]
[-0.13333333 -0.06666667  0.77142855]
[-0.06666667 -0.13333333  0.77142855]
[-0.13333333  0.13333333  0.76190478]
[-0.06666667  0.06666667  0.78095245]
[-0.13333333  0.33333333  0.69523811]
[-0.06666667  0.26666667  0.73333333]
[-0.06666667  0.46666667  0.62857145]
[-0.13333333  0.42666664  0.64761912]
[ 0.13333333 -0.42666664  0.64761912]
[ 0.06666667 -0.46666667  0.62857145]
[ 0.06666667 -0.26666667  0.73333333]
[ 0.13333333 -0.33333333  0.69523811]
[ 0.06666667 -0.06666667  0.78095245]
[ 0.13333333 -0.13333333  0.76190478]
[ 0.06666667  0.13333333  0.77142855]
[ 0.13333333  0.06666667  0.77142855]
[ 0.06666667  0.33333333  0.70476201]
[ 0.13333333  0.26666667  0.72380956]
[ 0.13333333  0.46666667  0.61904767]
[ 0.06666667  0.44000003  0.64761912]
[ 0.2444444  -0.42666664  0.61904767]
[ 0.31111107 -0.3777778   0.61904767]
[ 0.33333333 -0.31111113  0.63809535]
[ 0.26666667 -0.26666667  0.68571434]
[ 0.26666667 -0.06666667  0.73333333]
[ 0.33333333 -0.13333333  0.69523811]
[ 0.26666667  0.13333333  0.72380956]
[ 0.33333333  0.06666667  0.70476201]
[ 0.37777774  0.31111107  0.61904767]
[ 0.31111107  0.33333333  0.63809535]
[ 0.26666667  0.26666667  0.68571434]
[ 0.2444444   0.42666664  0.61904767]
[ 0.42666664 -0.24444447  0.61904767]
[ 0.46666667 -0.13333333  0.61904767]
[ 0.44000003 -0.06666667  0.64761912]
[ 0.46666667  0.06666667  0.62857145]
[ 0.42666664  0.13333333  0.64761912]
[ 0.42666664  0.2444444   0.61904767]
